[40.431382,-86.914017],
    [40.42671184010864,-86.90904378890991],
    [40.42571543714086,-86.90805673599243],
    [40.423820597330376,-86.90797090530396],
    [40.42395127765169,-86.90829277038574],
    [40.42408195771912,-86.913743019104],
    [40.42591145200572,-86.91376447677612],
    [40.42591145200572,-86.91457986831665],
    [40.425633764111915,-86.91483736038208],
    [40.42408195771912,-86.9148588180542],
    [40.42422897249152,-86.91908597946167],
    [40.42519272804189,-86.91910743713379],
    [40.42532340569747,-86.9257378578186],
    [40.42738154528389,-86.92578077316284],
    [40.42733254269231,-86.92198276519775],
    [40.42788790330638,-86.92168235778809],
    [40.431448635925655,-86.92155361175537],
    [40.431382,-86.914017]
